490
361
171
822
297
482
13
704
599
164
649
11
73
286
554
6
648
399
749
545
13
204
318
693
399
304
102
207
480
780
644
275
14
954
249
790
501
547
809
606
297
927
424
156
60
983
256
207
281
456
413
498
561
750
182
267
118
893
597
840
836
107
647
471
945
451
214
790
291
837
707
193
397
568
401
705
200
202
31
949
361
98
709
483
563
695
122
497
914
476
102
199
104
221
138
257
188
436
229
52
377
200
597
544
131
935
602
342
508
748
617
901
184
513
204
999
782
922
869
598
596
701
970
452
631
817
57
398
885
10
288
305
34
112
273
120
959
657
823
356
32
657
753
372
364
349
106
513
551
366
228
917
464
655
737
58
62
219
832
922
192
303
946
996
737
333
729
824
517
89
724
2
829
172
266
123
434
149
39
171
44
662
734
782
270
153
283
58
217
581
170
306
689
753
613
454
885
392
316
956
527
817
47
223
516
100
441
659
803
297
95
343
576
367
576
330
392
609
961
143
818
764
377
192
494
820
150
204
460
769
620
800
153
683
365
450
207
616
985
994
315
104
595
541
620
52
389
45
756
303
328
901
991
290
982
821
914
496
984
976
711
450
66
564
584
549
844
540
3
361
680
718
44
861
578
496
588
413
27
669
294
961
10
334
935
819
518
235
246
528
825
381
449
289
684
682
468
489
601
66
658
673
76
886
750
162
450
592
885
379
955
447
360
920
341
451
994
400
215
229
543
44
67
490
809
40
42
397
383
720
668
738
143
923
843
820
485
790
529
37
848
626
186
761
593
301
239
206
775
113
912
576
890
296
168
425
270
719
988
504
621
462
428
917
284
833
573
769
231
412
649
703
564
346
176
827
559
999
91
794
220
717
97
374
973
647
696
341
429
428
88
539
171
368
606
608
970
199
151
967
40
241
243
458
21
734
224
329
102
696
109
329
574
390
418
555
547
639
879
413
310
752
735
98
106
782
814
841
107
599
267
267
969
284
818
123
723
888
392
109
31
938
744
9
995
44
44
344
312
172
659
285
997
572
709
162
87
566
847
714
740
99
743
675
783
421
346
542
541
435
464
956
570
72
682
394
581
147
349
40
169
317
733
331
545
137
11
764
789
714
830
441
966
767
100
6
502
495
547
31
102
53
315
834
592
301
141
507
848
625
18
481
766
839
542
671
62
74
661
175
351
692
464
191
700
766
747
401
982
205
114
695
68
670
957
168
382
906
196
915
473
799
864
263
22
654
420
437
506
776
358
162
96
739
349
238
929
580
234
257
710
887
729
370
101
827
780
590
733
387
238
900
882
974
562
407
428
193
711
548
645
370
794
718
74
795
904
126
373
179
694
163
424
115
247
539
194
819
132
85
252
786
184
155
323
900
963
781
6
30
289
145
198
355
938
329
157
645
955
793
542
809
247
808
622
722
978
215
950
999
230
331
704
779
130
562
545
392
640
508
757
101
94
129
372
999
980
429
585
85
386
596
970
777
216
783
169
148
269
228
147
227
252
244
5
544
219
139
612
686
282
128
355
742
183
923
552
376
610
691
352
572
471
892
188
773
905
487
656
422
324
627
683
72
73
59
992
667
455
251
828
596
656
574
893
967
541
154
8
338
320
666
389
287
687
94
277
670
46
267
907
964
48
689
27
16
318
813
15
865
913
567
10
748
424
342
664
695
397
707
750
813
919
418
958
249
386
26
492
797
435
293
693
214
878
1
830
115
307
697
821
705
940
279
857
910
278
621
808
571
845
635
948
424
447
802
313
681
35
911
652
953
508
283
155
486
905
96
813
540
459
952
920
427
882
55
665
325
131
151
823
158
511
307
831
482
496
872
700
642
885
686
705
333
535
816
598
615
627
873
616
564
865
146
431
675
552
37
249
553
749
210
882
926
551
651
395
161
714
381
595
340
593
352
802
511
47
797
687
755
896
725
277
899
988
895
557
819
852
402
572
554
734
691
163
928
49
244
331
96
61
693
388
765
145
505
602
424
706
393
745
158
119
32
401
740
375
397
156
494
975
39
548
541
874
706
577
201
766
770
237
750
932
543
563
805
116
466
32
659
383
205
236
780
698
399
533
455
554
571
445
145
854
626
471
624
511
793
412
459
286
677
451
608
545
986
188
459
425
217
481
512
610
500
137
211
297
200
59
873
682
417
254
886
597
623
348
458
593
564
677
396
394
135
640
245
893
381
560
213
544
631
874
96
140
270
744
468
752
774
164
836
34
867
930
609
781
919
329
657
565
161
3
450
932
452
50
264
536
301
160
990
53
590
79
945
603
594
143
496
522
254
785
644
642
870
227
712
930
278
700
469
931
392
75
657
81
27
595
350
385
135
494
248
854
216
604
68
46
10
891
478
833
421
1000
428
200
849
173
186
452
337
604
199
304
440
649
327
998
206
845
596
241
798
118
167
426
423
69
134
543
985
432
47
100
901
580
953
889
779
560
634
956
393
965
569
888
129
543
353
521
73
267
721
54
197
180
907
175
544
10
810
933
37
338
244
573
484
93
375
245
125
97
384
806
276
327
343
808
332
435
615
125
616
745
820
559
207
60
358
497
10
794
901
845
401
204
498
659
818
198
412
285
280
716
405
171
136
843
607
900
168
367
997
137
281
541
417
816
308
225
434
409
198
431
945
919
762
753
875
241
205
800
516
984
453
24
920
431
926
935
245
530
297
489
786
641
963
452
708
125
880
455
229
160
957
976
118
61
252
268
891
133
237
729
21
920
815
915
519
957
155
400
820
641
548
129
397
919
890
341
45
94
2
99
157
922
99
532
423
956
65
974
49
957
135
53
639
559
775
13
708
254
116
502
550
274
162
978
204
991
941
534
203
316
796
814
845
940
1
926
867
758
564
842
963
181
653
510
368
6
601
346
387
1000
867
422
540
52
108
803
241
610
158
853
91
1000
410
307
643
541
361
287
598
799
822
113
857
836
714
263
114
781
367
154
561
281
844
482
815
254
516
82
3
873
259
223
302
952
367
349
917
366
249
678
239
367
672
215
544
379
547
186
781
159
413
856
476
243
310
174
291
939
84
862
863
805
938
148
712
698
153
516
538
689
226
418
214
190
162
822
981
181
906
575
612
350
384
353
604
89
816
764
735
472
932
905
813
88
520
619
290
689
909
25
48
423
804
43
230
399
743
116
927
943
553
143
385
539
337
133
666
920
148
768
319
212
17
597
848
898
528
919
196
974
345
815
802
45
977
623
997
521
759
25
713
723
995
534
963
223
567
374
144
410
456
890
270
157
942
984
38
252
359
109
374
590
106
613
257
256
898
338
607
286
551
862
203
358
608
404
390
735
354
760
638
46
807
205
514
761
14
167
780
470
999
990
157
322
407
56
487
953
141
25
25
136
397
796
6
279
348
606
50
853
8
876
103
225
979
888
224
744
175
724
230
742
393
40
710
976
771
108
326
588
569
908
932
242
705
435
875
864
364
251
510
828
539
624
700
617
944
278
672
83
646
401
18
625
547
680
538
684
193
660
96
597
204
744
196
221
762
733
682
88
388
458
541
373
756
930
782
407
4
939
621
769
70
681
628
510
664
475
871
798
66
150
489
261
73
295
491
246
785
633
432
676
996
831
257
375
594
492
657
451
402
59
391
549
898
335
232
559
307
350
930
490
193
336
810
754
317
930
661
743
309
555
604
774
671
312
333
472
172
663
105
911
343
408
839
290
832
950
88
549
460
202
818
587
57
402
953
434
249
469
143
293
821
462
932
200
499
948
808
935
138
775
320
255
245
255
462
191
852
679
978
494
958
456
188
320
858
882
890
338
444
239
413
593
936
514
828
351
211
309
50
543
359
778
828
316
325
117
316
490
207
43
148
262
594
277
41
478
669
9
493
592
216
50
45
139
120
228
633
559
429
643
312
574
392
44
271
926
468
930
859
654
496
715
373
233
421
710
502
229
962
628
978
500
225
906
35
893
619
209
654
451
225
411
727
392
639
284
883
342
778
550
196
775
610
335
133
629
56
77
610
364
197
223
875
962
919
295
853
119
625
207
319
99
991
184
43
950
730
813
860
576
727
219
822
40
589
793
969
234
339
283
990
589
433
962
464
559
753
887
978
317
77
284
762
311
31
397
894
521
494
990
656
493
710
707
900
953
73
189
736
924
729
360
436
980
317
877
354
627
346
660
578
374
554
517
640
671
45
828
20
519
198
323
194
68
91
731
965
309
408
656
112
235
818
563
181
514
297
931
733
421
897
88
759
426
79
632
697
881
630
520
587
486
329
558
651
905
634
9
931
603
11
840
723
426
260
972
695
727
356
750
41
709
128
503
539
863
999
997
384
295
801
40
265
997
991
926
867
389
265
46
945
838
743
640
858
26
803
70
88
126
203
107
979
465
741
218
795
446
229
177
501
472
674
719
465
525
94
891
551
988
635
864
464
744
230
310
595
56
619
119
24
653
276
937
995
171
370
260
372
975
5
693
788
171
336
857
513
457
262
371
857
167
260
698
509
715
284
615
361
606
76
534
701
966
2
864
926
273
517
88
679
969
193
862
429
427
149
585
78
634
834
256
272
92
211
976
633
526
317
677
876
712
805
123
674
386
189
713
722
638
23
188
218
398
337
275
929
991
10
799
817
669
979
604
626
336
714
536
537
886
157
567
949
474
392
563
975
303
984
799
707
31
612
701
345
102
57
380
149
514
586
921
80
390
8
65
609
966
182
472
674
132
766
664
728
999
122
692
831
599
587
869
441
589
874
244
242
508
249
191
320
745
414
480
727
362
686
103
486
869
906
954
585
161
570
875
914
584
910
286
233
691
250
244
250
871
321
331
430
629
600
799
245
480
35
858
381
276
526
456
449
327
100
621
294
346
431
752
882
1
547
452
198
571
618
913
490
899
729
616
533
764
531
689
250
459
380
863
22
812
399
921
435
347
410
776
847
552
72
405
522
321
353
538
961
847
816
810
368
323
969
904
616
386
424
732
152
560
895
528
770
262
164
343
733
917
822
677
903
445
69
344
280
698
370
283
87
693
41
325
517
933
896
754
131
763
592
639
993
689
400
827
216
487
462
220
79
848
534
364
684
189
509
450
428
618
705
770
207
29
961
667
865
828
975
309
954
157
256
680
912
205
141
654
88
412
304
433
253
127
939
540
793
121
919
108
841
911
278
79
699
621
902
311
24
3
446
676
726
789
198
954
971
837
764
696
5
468
127
2
19
219
218
681
114
196
542
625
809
23
238
419
912
432
512
109
792
5
770
140
158
177
158
330
972
90
351
189
416
920
63
209
17
594
937
726
73
925
325
359
442
182
507
513
952
740
980
862
962
892
956
222
813
505
440
19
526
462
860
388
890
508
519
223
791
320
448
202
726
122
881
859
431
578
384
18
585
997
908
582
854
645
793
451
252
405
532
314
534
399
413
783
973
688
836
117
868
404
629
31
42
569
334
455
141
216
518
563
113
558
223
49
887
27
229
129
808
635
117
170
660
867
871
343
669
671
692
386
751
720
651
350
996
527
766
165
280
321
369
838
219
484
322
698
895
803
397
577
588
159
178
390
142
224
482
748
23
597
294
69
373
727
49
196
294
589
295
868
307
410
202
719
875
581
55
188
684
95
363
203
852
602
446
41
941
80
197
176
484
701
434
579
746
434
79
843
537
367
616
805
567
543
585
182
617
32
14
485
360
907
942
258
278
400
462
782
462
617
140
663
559
950
250
89
215
232
498
456
707
733
728
860
104
294
724
508
503
762
394
812
908
403
822
794
356
73
367
877
148
347
580
4
19
136
353
726
702
876
570
153
131
139
213
92
784
884
978
102
630
923
479
999
218
183
153
36
312
812
91
508
103
92
228
938
640
9
527
359
695
933
369
720
939
804
802
715
900
256
591
819
510
292
352
76
653
263
219
844
577
858
893
177
711
705
261
668
140
551
119
721
708
968
693
704
480
295
679
214
550
918
226
673
158
379
711
435
863
133
801
250
884
881
190
704
925
843
325
487
153
839
20
636
595
547
199
981
648
393
18
918
433
95
785
244
530
889
401
942
761
868
387
165
589
595
19
786
897
861
510
900
6
482
512
395
574
87
614
951
806
107
605
545
227
434
162
619
270
700
237
277
490
966
887
116
880
834
783
372
177
303
86
459
263
551
959
595
152
226
584
37
206
540
654
448
379
164
842
483
162
633
952
378
386
957
239
538
565
691
949
354
437
534
856
117
745
618
768
286
496
677
243
148
572
954
442
993
479
543
863
78
538
527
904
512
178
653
146
131
735
73
946
116
950
505
315
152
495
315
492
538
698
437
82
785
846
462
71
278
155
646
932
80
678
408
863
775
114
361
569
561
781
934
945
718
408
677
745
360
986
727
814
233
510
213
833
687
957
57
572
458
796
923
758
944
787
174
88
391
761
49
238
698
934
337
461
980
902
744
483
345
401
864
219
514
337
414
635
621
402
25
450
837
731
754
491
522
60
608
593
122
423
448
671
750
83
7
663
739
226
772
716
20
519
336
396
874
48
512
232
722
2
555
532
1
60
494
766
964
834
24
282
992
478
65
911
640
843
506
367
291
973
487
328
422
938
16
631
336
645
339
584
377
578
83
926
303
309
319
889
173
521
946
270
173
443
588
52
736
926
956
485
393
306
30
458
181
947
643
175
851
648
474
184
573
291
718
619
299
507
673
102
953
848
857
337
424
816
837
9
610
118
888
448
816
727
836
509
435
537
10
777
443
542
216
968
365
415
586
220
244
213
697
814
514
327
736
750
556
905
67
198
115
942
401
346
736
123
564
80
420
214
380
138
430
33
963
826
706
117
782
604
579
998
423
74
11
449
406
279
747
864
816
736
332
140
603
910
846
93
766
706
963
630
972
637
453
941
101
298
908
34
837
414
862
55
518
61
817
735
783
716
274
279
687
758
430
650
243
367
587
940
261
967
144
762
49
415
789
901
872
410
17
472
479
884
234
613
663
936
2
931
561
281
182
333
781
361
456
381
734
221
977
576
377
394
762
454
484
755
213
479
252
794
475
897
680
759
747
729
271
928
859
687
671
267
714
937
612
389
245
166
619
511
285
401
219
468
12
775
759
579
766
317
996
990
95
522
209
69
330
867
114
46
875
228
488
623
240
849
439
781
14
450
698
97
439
200
482
263
497
7
107
462
295
671
12
105
865
120
562
430
400
122
959
28
298
895
354
51
723
469
106
508
889
606
443
868
766
275
203
551
495
815
627
941
7
293
924
171
727
26
866
243
831
195
294
443
105
592
552
430
861
930
578
250
16
496
533
946
865
563
245
152
65
927
78
306
65
678
66
325
313
245
536
109
560
563
377
809
810
967
640
672
852
60
68
980
292
350
673
195
979
681
970
304
959
213
973
881
620
556
415
355
436
376
819
859
102
779
210
483
119
599
417
613
462
300
22
71
760
726
390
194
926
361
802
301
559
482
459
332
896
722
709
195
231
566
55
544
385
486
44
980
94
167
128
561
692
17
369
615
322
312
366
989
774
81
253
555
312
958
464
608
363
689
594
432
931
289
70
807
873
398
623
248
530
680
14
724
122
836
803
958
120
751
632
530
320
588
594
413
162
497
690
879
606
113
41
462
620
302
647
891
433
968
77
420
576
789
330
50
676
353
553
576
764
363
471
862
56
616
988
27
520
10
16
279
836
393
375
185
719
177
969
649
788
711
587
566
851
316
438
884
334
65
136
338
848
518
4
897
121
441
936
323
29
998
312
975
546
228
647
922
601
994
329
592
898
203
380
503
958
625
605
223
302
617
46
350
175
203
761
623
345
978
759
624
203
835
762
537
62
412
835
846
695
137
529
563
219
48
554
339
293
370
707
162
509
894
651
487
914
826
968
429
272
867
226
937
702
274
533
124
641
65
374
335
158
591
636
559
954
179
987
953
439
749
456
698
832
645
209
75
949
300
770
52
598
748
510
577
593
957
73
863
694
879
899
192
725
446
308
288
334
130
504
354
739
433
576
862
520
191
994
272
794
300
775
735
225
24
203
74
175
555
238
682
184
66
379
387
322
34
213
346
509
937
566
74
390
444
313
472
669
259
330
681
945
358
845
703
477
468
521
627
263
14
97
799
610
790
13
765
318
287
118
109
960
633
348
405
680
715
968
974
326
774
748
542
20
452
263
737
654
129
474
653
383
383
485
535
573
454
509
333
686
297
200
210
908
787
319
348
500
777
64
372
653
362
545
117
955
696
100
248
569
529
278
620
520
133
507
233
824
665
523
482
297
18
534
252
632
214
722
804
299
186
12
629
874
938
427
739
404
612
969
324
394
244
548
530
344
232
207
416
980
908
101
407
626
302
246
847
739
690
112
540
9
804
414
476
931
4
70
232
485
324
938
168
129
106
738
73
686
495
265
290
614
492
410
354
962
507
197
185
594
154
342
437
797
836
336
553
523
471
87
697
21
176
683
977
191
257
156
778
655
128
450
356
776
612
577
814
892
880
409
965
15
458
24
499
795
915
826
73
618
661
716
978
810
36
348
881
888
394
751
806
58
44
335
480
154
587
745
908
206
113
421
615
933
911
273
541
183
811
839
356
489
884
261
190
152
833
26
45
792
172
906
921
504
761
667
555
162
702
767
685
815
447
694
179
579
171
982
111
345
224
221
387
665
166
943
658
467
6
409
703
782
333
215
418
894
930
823
117
406
47
889
17
200
608
85
806
116
747
320
978
441
500
898
894
597
934
127
621
277
637
82
146
537
612
620
498
393
124
497
305
473
363
997
955
131
860
57
171
255
632
655
636
883
389
260
709
808
760
899
411
753
267
119
580
227
840
304
400
326
713
703
274
936
146
358
519
589
328
389
463
42
316
817
885
256
50
762
780
592
251
233
701
726
590
685
846
944
161
770
270
992
749
906
488
63
885
50
968
164
817
754
383
685
82
325
11
679
650
138
929
269
257
48
893
917
818
525
839
99
32
647
815
418
12
895
230
745
922
76
434
710
285
566
140
830
511
898
772
147
62
532
843
272
11
700
223
611
35
528
67
500
525
409
759
537
534
897
570
626
811
225
283
632
927
202
844
432
722
83
626
363
386
749
29
476
906
644
407
24
770
352
428
264
256
460
963
609
741
519
253
1000
133
716
275
536
101
744
903
943
382
575
270
392
92
529
483
993
201
875
676
158
259
879
756
116
508
650
317
210
347
454
140
905
185
788
119
991
965
722
129
69
964
577
369
697
545
701
730
43
200
644
274
45
655
598
775
116
525
869
498
198
660
359
95
246
882
635
917
453
718
610
531
117
948
356
141
896
471
886
277
6
476
219
979
939
606
302
431
614
987
961
576
914
604
280
309
780
734
378
779
663
365
457
559
197
285
969
629
668
60
153
611
81
865
750
604
62
264
483
697
911
602
255
18
849
856
604
864
225
664
555
927
328
935
855
808
447
309
607
607
502
957
215
122
898
808
513
602
104
519
647
545
634
58
909
86
592
483
384
692
196
210
362
366
918
142
939
3
297
289
975
829
267
322
873
678
464
778
887
247
264
813
737
172
543
634
285
504
325
773
640
745
123
241
618
899
459
481
192
376
176
420
137
146
585
559
189
709
586
415
420
820
758
279
594
666
737
573
387
798
389
314
997
36
240
865
36
666
873
614
635
404
709
619
360
640
105
382
312
379
835
545
80
790
477
910
605
104
864
93
994
202
353
151
679
479
948
202
905
636
735
659
156
21
974
294
933
891
555
54
607
842
595
212
933
188
348
14
818
502
381
383
524
679
716
474
442
924
829
305
384
393
393
292
285
155
993
322
665
580
89
710
852
308
442
839
825
612
361
155
605
359
693
698
627
412
146
119
670
393
400
512
326
531
216
347
478
809
250
4
142
504
740
158
116
522
29
618
297
565
911
177
250
325
474
936
777
155
922
210
388
816
362
20
370
561
397
515
296
376
528
187
268
799
256
105
835
300
795
120
373
211
91
37
576
616
612
476
161
115
363
916
20
278
16
313
10
563
881
797
512
570
444
618
658
761
798
174
139
223
333
933
501
229
681
368
236
910
327
204
60
180
886
666
269
927
850
697
736
620
762
549
539
492
130
172
435
567
641
894
249
502
868
142
825
298
939
616
383
454
260
300
943
930
572
359
698
981
951
172
288
870
134
664
195
571
898
976
238
568
661
354
694
557
288
882
989
238
895
414
974
265
324
577
487
662
345
335
408
927
470
110
756
165
921
558
210
282
990
357
240
532
623
394
536
961
777
983
786
685
672
702
781
276
974
218
782
760
898
336
538
795
918
211
158
58
366
33
373
303
236
982
754
5
109
383
514
271
5
399
472
849
116
854
394
36
894
933
211
175
447
964
371
959
115
746
107
428
312
456
683
447
389
61
140
601
786
481
437
212
262
851
485
796
963
642
955
337
36
247
732
696
791
619
872
193
44
298
716
102
4
854
290
300
247
722
72
8
499
323
90
935
203
894
260
252
240
464
148
761
820
367
421
827
878
668
171
655
710
41
515
237
902
463
354
893
303
511
62
681
299
861
701
867
286
5
727
485
589
998
450
223
154
989
612
163
638
524
931
851
619
114
297
579
193
670
99
453
712
113
768
967
450
217
307
998
730
221
73
31
268
538
126
330
483
981
654
535
157
800
343
780
414
445
877
271
358
886
234
833
308
632
866
961
985
17
124
550
117
940
193
625
89
856
8
121
798
610
457
501
713
918
277
745
525
425
17
580
187
39
476
892
664
774
969
725
660
867
895
131
942
136
388
87
388
187
108
596
185
51
6
385
466
869
975
954
355
178
86
564
628
128
904
299
786
113
45
657
819
207
972
204
18
287
915
440
462
46
856
456
533
962
671
175
260
900
433
826
186
897
207
797
2
590
791
669
961
596
372
84
440
766
695
44
257
225
825
233
626
9
370
220
223
79
737
562
95
253
20
933
833
584
504
720
876
662
270
229
946
462
757
744
999
108
817
52
611
142
294
216
216
369
526
770
757
642
625
106
570
289
287
212
364
935
400
567
13
589
564
35
702
920
841
274
58
28
522
881
446
793
195
995
981
550
231
12
969
194
187
63
154
339
975
777
912
899
663
720
387
10
767
380
460
460
951
696
911
174
332
650
448
664
752
999
239
870
840
690
571
9
469
966
668
735
624
357
474
972
651
752
732
170
477
725
970
285
897
574
238
883
953
736
527
208
690
34
113
700
817
409
499
668
170
350
1000
920
739
685
325
344
837
20
564
801
662
156
826
325
140
215
616
587
3
152
445
274
583
991
365
25
909
367
154
81
274
372
680
895
385
246
157
13
817
684
131
24
722
200
908
346
191
63
139
231
182
641